1	12	13
2	11	14
3	10	13
4	11	14
5	12	15
6	10	12
7	12	15
8	11	14
9	11	15
10	12	14
11	10	12
12	9	14
13	11	14
14	12	13
15	11	13
16	12	15
17	11	14
18	13	15
19	12	14
20	13	15
21	12	14
22	12	15
23	11	13
24	11	14
25	9	12
26	9	13
27	10	14
28	10	12
29	12	15
30	10	12
31	9	12
32	11	14
33	10	13
34	11	13
35	10	13
36	16	18
37	11	15
38	11	13
39	10	16
40	12	14
41	10	12
42	10	14
43	13	17
44	14	16
45	12	15
46	11	13
47	14	17
48	12	14
49	12	14
50	11	14
51	10	13
52	10	12
53	12	14
54	14	16
55	11	13
56	10	12
57	12	14
58	12	14
59	11	14
60	12	13
61	12	14
62	12	15
63	10	13
64	10	12
65	13	16
66	11	13
67	12	14
68	11	12
69	11	12
70	12	14
71	11	13
72	10	15
73	11	13
74	11	13
75	12	13
76	11	13
77	12	13
78	11	14
79	12	14
80	12	14
81	10	13
82	12	14
83	11	13
84	11	14
85	9	13
86	9	12
87	12	14
88	11	14
89	11	15
90	12	14
91	12	14
92	10	13
93	11	14
94	11	13
95	11	13
96	13	16
97	11	14
98	13	14
99	10	13
100	10	12
101	12	14
102	16	17
103	13	15
104	16	18
105	10	12
106	14	16
107	12	14
108	15	16
109	11	14
110	14	15
111	11	14
112	12	15
113	9	12
114	12	15
115	9	13
116	11	13
117	13	15
118	11	13
119	14	16
120	10	13
121	12	15
122	14	17
123	12	16
124	13	14
125	15	17
126	13	15
127	13	15
128	12	15
129	12	14
130	11	14
131	11	13
132	12	13
133	10	13
134	13	16
135	10	12
136	9	11
137	12	15
138	11	13
139	12	15
140	11	13
141	12	15
142	11	13
143	12	15
144	13	15
145	12	14
146	11	14
147	12	15
148	12	15
149	14	16
150	10	14
151	11	13
152	12	14
153	12	14
154	12	13
155	13	17
156	15	17
157	13	16
158	13	16
159	14	15
160	12	14
161	12	15
162	13	15
163	10	13
164	13	15
165	10	14
166	10	13
167	13	15
168	11	13
169	13	15
170	13	16
171	14	16
172	12	15
173	11	13
174	12	15
175	11	13
176	11	13
177	10	13
178	10	13
179	9	13
180	12	14
181	11	13
182	7	10
183	9	11
184	12	14
185	11	13
186	12	15
187	12	13
188	13	15
189	14	15
190	10	12
191	13	15
192	10	13
193	9	13
194	12	13
195	10	13
196	13	15
197	13	15
198	9	12
199	9	11
200	9	11
201	13	14
202	9	14
203	12	14
204	9	13
205	10	15
206	15	17
207	13	15
208	11	14
209	12	16
210	14	16
211	12	14
212	12	15
213	11	14
214	11	13
215	14	17
216	9	12
217	14	16
218	10	12
219	11	14
220	14	15
221	11	15
222	10	13
223	8	13
224	12	15
225	13	14
226	12	14
227	9	14
228	9	12
229	11	14
230	13	15
231	11	15
232	12	14
233	14	16
234	11	14
235	11	14
236	12	14
237	13	15
238	11	14
239	12	14
240	11	13
241	12	14
242	9	13
243	13	15
244	10	14
245	12	14
246	11	14
247	14	16
248	10	13
249	11	14
250	11	14
251	11	13
252	12	14
253	13	16
254	10	14
255	11	14
256	12	14
257	12	14
258	12	14
259	13	15
260	13	16
261	9	13
262	12	15
263	12	17
264	12	16
265	12	14
266	13	16
267	14	16
268	14	15
269	14	17
270	13	14
271	12	17
272	14	16
273	12	16
274	13	16
275	13	15
276	11	14
277	13	15
278	13	17
279	13	15
280	11	14
281	13	15
282	13	15
283	13	15
284	13	16
285	11	15
286	12	16
287	13	16
288	12	15
289	12	14
290	13	17
291	10	13
292	12	14
293	12	17
294	12	16
295	10	13
296	12	14
297	10	13
298	12	14
299	13	15
300	13	14
301	13	15
302	10	12
303	14	17
304	10	14
305	13	15
306	12	15
307	13	15
308	14	16
309	11	14
310	13	15
311	12	14
312	12	15
313	11	13
314	12	14
315	12	15
316	14	16
317	12	15
318	15	16
319	13	15
320	11	14
321	14	16
322	10	12
323	11	14
324	14	16
325	9	12
326	15	17
327	10	13
328	10	13
329	9	11
330	11	14
331	10	14
332	11	13
333	11	15
334	11	14
335	12	17
336	11	14
337	10	14
338	11	14
339	11	14
340	11	13
341	13	15
342	11	15
343	13	16
344	10	14
345	11	15
346	9	13
347	10	13
348	16	18
349	12	15
350	15	15
351	12	14
352	9	12
353	12	15
354	10	14
355	8	8
356	10	13
357	12	15
358	13	15
359	10	12
360	15	18
361	12	14
362	12	15
363	12	14
364	11	13
365	12	15
366	11	14
367	10	13
368	14	16
369	13	15
370	12	14
371	12	13
372	12	15
373	13	16
374	11	14
375	11	13
376	14	16
377	15	17
378	12	14
379	14	16
380	11	13
381	13	16
382	12	14
383	14	16
384	11	14
385	10	13
386	11	14
387	13	15
388	9	12
389	10	12
390	12	14
391	12	14
392	12	15
393	12	15
394	13	15
395	13	16
396	11	13
397	14	16
398	9	13
399	12	14
400	11	15
401	11	13
403	9	12
404	11	13
405	11	13
406	10	13
407	14	17
408	13	15
409	13	15
410	12	15
411	9	13
412	14	17
413	10	13
414	12	15
416	10	14
417	12	14
418	13	16
419	14	16
420	11	13
421	13	16
422	11	15
423	13	16
424	11	13
425	12	15
426	13	14
427	12	14
428	12	14
429	12	15
430	12	15
431	12	14
432	11	13
433	10	14
434	12	14
435	13	15
436	13	17
437	11	14
438	14	16
439	9	12
440	12	15
441	13	15
442	11	13
443	11	13
444	13	15
445	16	18
446	13	15
447	10	14
448	13	15
449	12	14
450	13	15
451	11	16
452	13	16
453	10	13
454	13	15
455	13	16
456	10	13
457	11	13
458	10	15
459	13	15
460	13	15
461	12	15
462	11	13
463	13	15
464	11	14
465	14	17
466	14	16
467	13	16
468	13	15
469	13	15
470	12	15
471	10	15
472	12	14
473	12	16
474	8	13
475	11	14
476	12	14
477	13	15
478	13	15
479	14	16
480	12	14
481	14	16
482	13	15
483	14	16
484	10	14
485	12	15
486	11	13
487	17	18
488	11	15
489	10	12
490	13	15
491	11	14
492	11	14
493	14	16
494	11	15
495	11	14
496	11	14
497	11	15
498	11	13
499	10	12
500	11	14
501	12	14
502	14	16
503	12	13
504	10	12
505	12	15
506	12	14
507	14	16
508	11	14
509	11	14
510	12	14
511	12	14
512	10	14
513	10	13
514	14	16
515	12	15
516	15	17
517	13	15
518	13	14
519	12	15
520	12	14
521	12	15
522	12	15
523	12	14
524	12	15
525	13	17
526	10	12
527	12	14
528	12	14
529	14	16
530	11	15
531	13	16
532	13	15
533	14	16
534	11	14
535	13	15
536	13	15
537	8	12
538	12	15
539	13	17
540	13	16
541	10	15
542	12	14
543	12	15
544	12	15
545	12	15
546	13	17
547	12	16
548	14	16
549	12	15
550	6	10
551	14	16
552	13	16
553	14	17
554	8	13
555	14	17
556	14	16
557	13	16
558	14	16
559	12	15
560	13	15
561	10	14
562	12	15
563	12	15
564	13	15
565	12	14
566	13	16
567	11	15
568	13	16
569	13	16
570	9	12
571	13	16
572	13	15
573	12	15
574	12	15
575	12	16
576	14	16
577	12	14
578	11	13
579	12	14
580	12	16
581	13	16
582	17	18
583	13	17
584	13	17
585	15	16
586	13	15
587	12	14
588	11	15
589	12	15
590	14	16
591	10	14
592	11	14
593	14	17
594	13	15
595	12	15
596	12	15
597	11	15
598	12	15
599	12	15
600	12	15
601	14	17
602	14	16
603	13	17
604	13	16
605	13	17
606	13	14
607	13	16
608	11	13
609	12	16
610	11	14
611	12	14
612	13	16
613	12	15
614	13	16
615	12	15
616	12	15
617	9	12
618	13	16
619	10	16
620	14	16
621	13	15
622	10	12
623	13	16
624	10	14
625	15	17
626	11	14
627	13	16
628	10	13
629	11	14
630	14	16
631	11	13
632	12	15
633	13	16
634	12	15
635	12	15
636	12	14
637	12	16
638	11	15
639	11	13
640	11	15
641	12	14
642	12	16
643	12	15
644	10	13
645	12	14
646	13	16
647	12	15
648	11	14
649	10	13
650	14	16
652	13	15
653	11	15
654	14	16
655	11	13
656	12	15
657	11	15
658	13	15
659	14	18
660	13	16
661	9	14
662	10	14
663	10	13
664	13	17
665	13	15
666	12	14
667	10	16
668	10	14
669	11	13
670	13	16
671	12	15
672	13	16
673	11	13
674	12	16
675	14	17
676	13	16
677	12	14
678	13	15
679	13	16
680	12	14
681	12	14
682	12	14
683	13	16
684	11	14
685	10	14
687	13	16
688	12	16
689	12	15
690	11	14
691	12	15
692	13	15
693	13	15
694	12	16
695	12	16
696	13	15
697	14	15
698	13	15
699	13	17
700	14	16
701	14	16
702	11	15
703	9	11
704	10	13
705	10	13
706	10	15
707	10	13
708	10	15
709	11	14
710	11	16
711	16	17
712	11	13
713	13	16
714	12	16
715	12	14
716	13	16
717	13	16
718	11	15
719	14	16
720	12	16
721	12	15
722	12	15
723	11	14
724	13	16
725	13	15
726	12	14
727	11	15
728	15	17
729	13	15
730	14	16
731	10	14
732	12	16
733	12	15
734	11	14
735	12	16
736	11	14
737	12	15
738	11	14
739	13	16
740	12	15
741	13	16
742	13	16
743	13	16
744	11	14
745	13	15
746	14	16
747	11	15
748	12	14
749	9	14
750	11	15
751	16	18
752	11	15
753	13	14
754	12	14
755	12	14
756	12	16
757	12	15
758	11	14
759	10	14
760	12	13
761	12	14
762	13	16
763	14	17
764	13	15
765	12	15
766	14	17
767	13	17
768	11	14
769	11	15
770	13	16
771	13	17
772	12	15
773	11	14
774	14	16
775	12	15
776	12	15
777	10	14
778	12	15
779	12	16
780	14	15
781	15	16
782	14	16
783	11	13
784	15	16
785	12	14
786	15	16
787	11	13
788	14	15
789	14	16
791	12	14
792	11	14
793	13	16
794	11	14
795	12	15
796	14	16
797	15	16
798	11	13
799	13	16
800	12	14
801	12	15
802	10	14
803	12	15
804	11	14
805	13	16
806	13	17
807	13	17
808	12	16
809	15	16
810	13	16
811	11	14
812	13	15
813	11	14
814	13	15
815	14	16
816	11	13
817	12	15
818	13	16
819	13	15
820	14	17
821	12	15
822	13	16
823	12	14
824	11	13
825	13	15
826	15	17
827	11	14
828	14	15
829	12	15
830	14	16
831	10	16
832	13	15
833	13	15
834	13	16
835	16	18
836	13	14
837	14	17
838	13	16
839	14	17
840	14	17
841	13	16
842	14	16
843	14	16
844	13	15
845	14	16
847	13	15
848	15	17
849	13	15
850	12	15
851	12	16
852	13	16
853	13	16
854	14	16
855	10	13
856	13	16
857	12	15
858	10	13
859	12	15
860	13	16
861	14	15
862	13	15
863	10	14
864	12	15
865	12	14
866	11	14
867	12	14
868	14	16
869	12	14
870	12	16
871	10	13
872	14	17
873	11	15
874	9	12
875	10	13
876	14	16
877	13	17
878	12	14
879	14	16
880	13	14
881	11	14
882	14	16
883	13	16
884	14	16
885	14	17
886	13	16
887	13	15
888	13	16
889	11	15
890	14	16
891	11	16
892	10	13
893	12	15
894	11	15
895	10	11
896	12	15
897	14	16
898	17	18
899	14	16
900	10	13
901	11	13
902	13	15
903	13	15
904	13	15
905	13	16
906	15	17
907	17	18
908	17	18
909	11	15
910	11	15
911	11	16
912	13	16
913	12	15
914	14	16
915	10	12
916	11	16
917	13	15
918	13	17
919	11	14
920	12	15
921	11	15
922	12	15
923	13	16
924	11	13
925	11	15
926	13	16
927	11	15
928	11	13
929	15	16
930	13	16
931	14	16
932	13	17
933	11	17
934	10	13
935	13	16
936	11	13
937	11	14
938	11	15
939	12	16
940	13	16
941	10	13
942	12	15
943	16	17
944	12	15
945	11	17
946	13	16
947	11	15
948	13	16
949	15	17
950	15	18
951	10	15
952	14	16
953	13	16
954	17	18
955	11	14
956	13	16
957	14	15
958	13	17
959	12	16
960	12	15
961	11	13
962	12	15
963	13	16
964	11	14
965	12	15
966	12	16
967	12	15
968	13	16
969	11	16
970	12	15
971	14	16
972	14	16
974	14	15
975	14	15
976	12	15
977	11	12
978	11	14
979	13	16
980	14	17
981	12	15
982	13	16
983	11	14
984	9	12
985	13	16
986	11	16
987	10	13
988	10	13
989	11	13
990	12	15
991	12	15
992	13	15
993	17	18
994	12	15
995	12	16
996	10	14
997	12	14
998	14	17
999	12	17
1000	11	15
1001	10	14
1002	13	16
1003	13	14
1004	16	18
1005	14	15
1006	12	14
1007	12	16
1008	12	14
1009	12	16
1010	13	15
1011	12	14
1012	12	16
1013	10	15
1014	13	15
1015	11	13
1016	11	14
1017	11	15
1018	12	15
1019	12	14
1020	10	14
1021	14	16
1022	14	16
1023	8	11
1024	11	14
1025	13	15
1026	12	16
1027	14	16
1028	11	13
1029	14	15
1030	13	15
1031	14	17
1032	13	17
1033	9	13
1034	10	15
1035	14	15
1036	12	15
1037	13	15
1038	10	13
1039	12	14
1040	11	14
1041	13	15
1042	12	13
1043	11	15
1044	13	14
1045	12	15
1046	12	15
1047	12	14
1048	12	15
1049	13	16
1050	11	13
1051	12	13
1052	12	14
1053	12	14
1054	13	15
1055	10	14
1056	14	17
1057	13	15
1058	14	17
1059	14	17
1060	14	17
1061	14	16
1062	12	15
1063	13	15
1064	12	14
1065	13	17
1066	12	15
1067	14	16
1068	14	16
1069	13	16
1070	11	16
1071	11	14
1072	14	16
1073	13	16
1074	12	16
1075	11	13
1076	11	15
1077	12	15
1078	12	15
1079	13	17
1080	16	18
1081	12	16
1082	16	17
1083	16	17
1084	16	17
1085	13	15
1086	12	15
1087	13	14
1088	14	16
1089	14	15
1090	13	16
1091	11	14
1092	14	16
1093	11	15
1094	13	16
1095	12	16
1096	13	16
1097	15	16
1098	13	16
1099	14	16
1100	12	15
1101	13	16
1102	10	14
1103	11	15
1104	13	16
1105	14	15
1106	14	17
1107	10	14
1108	11	15
1109	13	16
1110	12	16
1111	12	15
1112	14	16
1113	14	17
1114	11	14
1115	14	16
1116	13	17
1117	14	16
1118	11	16
1119	15	17
1120	12	16
1121	14	16
1122	14	16
1123	13	17
1125	15	16
1126	13	15
1127	13	17
1128	13	14
1129	14	16
1130	11	14
1131	12	15
1132	13	14
1133	14	16
1134	13	17
1135	14	17
1136	13	16
1137	13	16
1138	13	17
1139	10	16
1140	14	16
1141	17	18
1142	11	15
1143	11	16
1144	12	16
1145	14	17
1146	13	16
1147	12	14
1148	14	17
1149	10	14
1150	12	15
1151	13	15
1152	12	14
1153	10	13
1154	13	16
1155	13	16
1156	11	15
1157	13	16
1158	13	16
1159	12	15
1160	12	15
1161	12	14
1162	12	16
1163	10	16
1164	14	16
1165	10	15
1166	12	17
1167	13	15
1168	13	16
1169	13	16
1170	14	17
1171	12	15
1172	14	16
1173	13	15
1174	16	18
1175	15	17
1176	12	15
1177	14	15
1178	14	16
1179	13	16
1180	11	15
1181	15	17
1182	11	13
1183	11	15
1184	12	13
1185	14	15
1186	12	15
1187	12	14
1188	14	16
1189	13	15
1190	13	16
1191	12	15
1192	10	13
1193	12	14
1194	12	17
1195	14	16
1196	14	16
1197	12	13
1198	12	16
1199	13	16
1200	12	15
1201	14	17
1202	12	14
1203	14	16
1204	15	16
1205	15	16
1206	13	15
1207	14	17
1208	15	17
1209	14	16
1210	14	15
1211	10	14
1212	14	17
1213	15	17
1214	12	15
1215	13	16
1216	14	16
1217	12	14
1218	15	17
1219	14	16
1220	14	15
1221	14	16
1222	14	15
1223	14	17
1224	12	14
1225	15	17
1226	11	15
1227	10	15
1228	12	14
1229	12	15
1230	13	15
1231	12	15
1232	14	17
1233	11	14
1234	12	15
1235	13	16
1236	12	15
1237	13	14
1238	13	16
1239	12	14
1240	13	15
1241	16	17
1242	14	16
1243	17	18
1244	11	13
1245	12	15
1246	13	16
1247	13	16
1248	12	16
1249	13	16
1250	13	15
1251	14	16
1252	14	17
1253	14	17
1254	13	16
1255	17	18
1256	10	13
1257	15	16
1258	14	16
1259	14	15
1260	14	16
1261	11	15
1262	15	17
1263	11	15
1264	13	17
1265	11	14
1266	11	14
1267	12	14
1268	11	14
1269	10	13
1270	12	17
1271	13	16
1272	13	16
1273	12	14
1274	12	14
1275	11	14
1276	12	14
1277	11	15
1278	14	16
1279	12	15
1280	12	15
1281	12	15
1282	12	15
1284	12	15
1285	16	18
1286	13	15
1287	10	13
1288	12	16
1289	14	16
1290	12	14
1291	16	18
1292	13	15
1293	10	14
1294	11	14
1295	12	14
1296	11	14
1297	11	14
1298	12	16
1299	12	14
1300	12	16
1301	12	16
1302	12	15
1303	12	15
1304	12	14
1305	11	14
1306	11	15
1307	9	12
1308	12	15
1309	11	13
1310	11	13
1311	12	15
1312	11	15
1313	11	15
1314	12	16
1315	11	15
1316	12	15
1317	10	14
1318	11	14
1319	12	14
1320	14	16
1321	11	14
1322	12	15
1323	17	18
1324	12	14
1325	12	15
1326	13	16
1327	11	15
1328	12	15
1329	10	14
1330	12	15
1331	10	14
1332	11	15
1333	12	14
1334	12	16
1335	14	16
1336	11	14
1337	11	15
1338	12	15
1339	10	14
1340	8	12
1341	11	13
1342	10	13
1343	14	16
1344	11	15
1345	12	17
1346	14	16
1347	10	17
1348	11	14
1349	12	16
1350	12	14
1351	13	16
1352	12	14
1353	14	16
1354	15	16
1355	12	14
1356	12	14
1357	12	15
1358	14	16
1359	13	16
1360	12	14
1361	13	15
1362	11	16
1363	12	14
1364	12	14
1365	12	15
1366	11	15
1367	11	14
1368	9	11
1369	12	15
1370	13	16
1371	9	11
1372	10	15
1373	12	16
1374	8	11
1375	9	12
1376	12	15
1377	14	17
1378	12	15
1379	13	15
1380	13	16
1381	12	14
1382	9	14
1383	11	14
1384	13	15
1385	17	18
1386	11	15
1387	11	15
1388	10	16
1389	8	11
1390	12	15
1391	11	14
1392	12	15
1393	12	15
1394	13	16
1395	12	15
1396	14	17
1397	14	16
1398	13	16
1399	17	18
1400	11	14
1401	11	15
1402	14	16
1403	12	16
1404	13	16
1405	13	16
1406	15	18
1407	13	16
1408	10	15
1409	13	16
1410	13	17
1411	13	16
1412	12	15
1413	11	15
1414	12	15
1415	10	14
1416	14	16
1417	13	15
1418	13	16
1419	14	16
1420	12	15
1421	13	16
1422	13	15
1423	13	16
1424	12	16
1425	9	12
1426	12	15
1427	13	17
1428	16	17
1429	9	13
1430	11	14
1431	11	14
1432	11	12
1433	13	17
1434	10	15
1435	13	16
1436	12	15
1437	7	11
1438	13	16
1439	15	16
1440	12	15
1441	15	17
1442	12	15
1443	13	15
1444	14	16
1445	11	15
1446	11	15
1447	11	13
1448	10	13
1449	11	15
1450	14	16
1451	12	16
1452	12	15
1453	13	16
1454	11	16
1455	12	16
1456	11	14
1457	12	15
1458	10	14
1459	17	18
1460	13	16
1461	10	13
1462	14	16
1463	13	15
1464	13	15
1465	13	15
1466	13	15
1467	12	15
1468	12	15
1469	15	16
1470	13	16
1471	12	16
1472	8	11
1473	11	14
1474	15	16
1475	11	14
1476	13	16
1477	12	16
1478	9	12
1479	13	16
1480	14	17
1481	11	16
1482	10	14
1483	12	15
1484	13	15
1485	12	15
1486	12	15
1487	12	16
1488	10	14
1489	12	16
1490	12	15
1491	12	15
1492	12	15
1493	12	16
1494	12	15
1495	13	16
1496	13	16
1497	8	11
1498	10	14
1499	13	16
1500	10	15
1501	12	15
1502	13	15
1503	10	14
1504	13	15
1505	12	15
1506	13	16
1507	13	16
1508	9	12
1509	13	16
1510	14	17
1511	14	16
1512	11	13
1513	11	15
1514	13	17
1515	10	15
1516	13	16
1517	12	14
1518	13	16
1519	12	16
1520	14	16
1521	13	16
1522	12	15
1523	14	16
1524	14	17
1525	13	17
1526	12	16
1527	14	16
1528	13	17
1529	10	13
1530	12	15
1531	11	15
1532	12	15
1533	13	16
1534	14	17
1535	10	14
1536	13	16
1537	11	14
1538	10	15
1539	9	14
1540	12	16
1541	9	12
1542	13	17
1543	13	16
1544	11	15
1545	13	16
1546	13	16
1547	13	16
1548	14	16
1549	13	16
1550	12	14
1551	14	17
1552	11	15
1553	12	16
1554	10	14
1555	11	15
1556	13	16
1557	13	16
1558	10	14
1559	9	14
1560	10	13
1561	11	14
1562	12	17
1563	12	16
1564	13	16
1565	12	16
1566	14	16
1567	13	16
1568	12	16
1569	12	16
1570	12	16
1571	11	16
1572	13	17
1573	14	16
1574	11	13
1575	13	16
1576	10	15
1577	11	14
1578	16	18
1579	13	17
1580	8	11
1581	10	13
1582	8	11
1583	17	18
1584	9	13
1585	12	14
1586	13	17
1587	13	17
1588	13	16
1589	15	17
1590	11	15
1591	13	16
1592	13	17
1593	13	16
1594	11	14
1595	13	15
1596	13	17
1597	10	16
1598	14	17
1599	11	14
1600	10	13
1601	13	17
1602	9	13
1603	12	15
1604	15	17
1605	13	16
1606	11	15
1607	11	15
1608	13	15
1609	11	13
1610	11	15
1611	13	16
1612	13	16
1613	12	16
1614	10	12
1615	11	15
1616	12	15
1617	11	15
1618	13	16
1619	14	17
1620	11	14
1621	13	16
1622	9	12
1623	16	17
1624	12	15
1625	13	15
1626	11	14
1627	11	14
1628	14	15
1629	13	16
1630	12	15
1631	13	15
1632	11	15
1633	16	17
1634	13	16
1635	11	14
1636	10	12
1637	14	17
1638	12	16
1639	12	14
1640	12	16
1641	10	15
1642	11	13
1643	14	16
1644	9	11
1645	8	10
1646	14	16
1647	13	15
1648	13	15
1649	15	16
1650	12	14
1651	11	13
1652	13	15
1653	17	18
1654	14	15
1655	11	13
1656	14	16
1657	14	16
1658	14	16
1659	14	17
1660	10	13
1661	13	15
1662	13	16
1663	13	15
1664	13	18
1665	11	14
1666	11	15
1667	16	17
1668	15	16
1669	14	15
1670	15	16
1671	14	16
1672	11	15
1673	13	16
1674	12	14
1675	12	15
1676	13	16
1677	14	17
1678	13	15
1679	14	16
1680	17	18
1681	14	17
1682	13	16
1683	13	16
1684	11	16
1685	10	11
1686	11	14
1687	11	13
1688	11	15
1689	13	16
1690	12	14
1691	12	15
1692	11	14
1693	14	16
1694	13	16
1695	14	17
1696	13	17
1697	11	14
1698	14	15
1699	13	16
1700	12	16
1701	13	16
1702	12	14
1703	12	15
1704	13	16
1705	12	15
1706	15	16
1707	12	16
1708	13	16
1709	10	14
1710	15	17
1711	11	14
1712	8	12
1713	9	12
1714	15	17
1715	10	13
1716	11	15
1717	13	16
1718	11	13
1719	13	16
1720	11	15
1721	13	16
1722	15	17
1723	14	17
1724	12	16
1725	13	17
1726	14	17
1727	14	17
1728	14	16
1729	14	17
1730	12	15
1731	8	11
1732	15	17
1733	13	17
1734	14	17
1735	13	15
1737	15	16
1738	9	12
1739	10	13
1740	14	17
1741	14	17
1742	13	16
1743	15	17
1744	14	16
1745	14	16
1746	10	14
1747	13	16
1748	10	16
1749	16	17
1750	17	18
1751	15	17
1752	13	15
1753	15	17
1754	13	16
1755	17	18
1756	14	15
1757	15	16
1758	13	16
1759	10	12
1760	15	17
1761	14	16
1762	13	16
1763	15	17
1764	14	17
1765	14	16
1766	10	13
1767	17	18
1768	14	16
1769	13	15
1770	13	16
1771	12	17
1772	13	17
1773	14	16
1774	13	15
1775	13	16
1776	8	12
1777	15	17
1778	15	17
1779	14	17
1780	15	17
1781	12	15
1782	14	16
1783	10	14
1784	15	18
1785	12	16
1786	12	15
1787	15	16
1788	13	16
1789	12	16
1790	13	16
1791	15	16
1792	15	17
1793	14	17
1794	14	16
1795	14	17
1796	10	13
1797	14	16
1798	7	11
1799	11	14
1800	14	16
1801	12	15
1802	12	16
1803	11	15
1804	12	16
1805	17	18
1806	13	15
1807	13	15
1808	13	17
1809	15	18
1810	13	16
1811	14	17
1812	15	17
1813	13	16
1814	13	16
1815	11	14
1816	14	17
1817	17	18
1818	11	13
1819	13	16
1820	15	18
1821	13	16
1822	14	16
1823	14	16
1824	13	16
1825	13	16
1826	13	16
1827	9	13
1828	15	17
1829	14	17
1830	12	15
1831	15	16
1832	14	16
1833	14	17
1834	14	16
1835	13	16
1836	11	15
1837	13	17
1838	13	17
1839	14	17
1840	15	17
1841	17	18
1842	14	17
1843	15	17
1844	15	17
1845	9	12
1846	14	16
1847	13	16
1848	14	17
1849	15	17
1850	15	17
1851	15	17
1852	13	16
1853	14	17
1854	15	17
1855	13	16
1856	10	14
1857	14	16
1858	15	17
1859	13	16
1860	13	16
1861	13	16
1862	14	16
1863	15	17
1864	11	15
1865	8	12
1866	14	17
1867	16	17
1868	13	16
1869	14	16
1870	16	17
1871	13	16
1872	13	16
1873	14	17
1874	16	17
1875	15	16
1876	11	14
1877	14	17
1878	14	17
1879	14	17
1880	9	12
1881	13	16
1882	13	16
1883	12	14
1884	15	17
1885	12	15
1886	14	16
1887	12	16
1888	13	16
1889	12	17
1890	12	15
1891	13	17
1892	15	17
1893	9	12
1894	14	17
1895	13	16
1896	12	15
1897	13	16
1898	13	16
1899	12	15
1900	17	18
1901	12	14
1902	13	16
1903	8	11
1904	13	15
1905	12	15
1906	14	18
1907	13	16
1908	13	15
1909	13	17
1910	11	14
1911	13	16
1912	13	16
1913	14	17
1914	13	17
1915	12	16
1916	12	17
1917	8	12
1918	13	18
1919	13	15
1920	13	16
1921	11	15
1922	14	16
1923	13	17
1924	13	17
1925	13	17
1926	12	15
1927	13	16
1928	15	17
1929	12	16
1930	14	17
1931	15	17
1932	13	16
1933	12	14
1934	13	15
1935	13	15
1936	13	17
1937	14	17
1938	14	17
1939	12	16
1940	11	14
1941	14	17
1942	15	17
1943	13	16
1944	13	17
1945	14	17
1946	14	16
1947	10	14
1948	14	17
1949	13	15
1950	13	16
1951	11	17
1952	11	15
1953	17	18
1954	12	16
1955	13	15
1956	14	16
1957	11	14
1958	11	16
1959	13	17
1960	16	17
1961	14	17
1962	11	15
1963	13	16
1964	14	17
1965	13	17
1966	14	16
1967	14	17
1968	17	18
1969	15	17
1970	15	17
1971	14	17
1972	12	16
1973	10	13
1974	13	17
1975	14	16
1976	12	16
1977	13	16
1978	14	16
1979	13	17
1980	12	16
1981	12	16
1982	11	16
1983	13	16
1984	11	15
1985	12	17
1986	14	17
1987	13	16
1988	13	16
1989	14	17
1990	10	14
1991	14	17
1992	14	17
1993	14	17
1994	14	17
1995	12	17
1996	12	17
1997	14	15
1998	14	16
1999	13	16
2000	12	15
2001	12	16
2002	17	18
2003	15	17
2004	13	17
2005	14	17
2006	11	14
2007	15	17
2008	13	17
2009	13	17
2010	11	16
2011	11	15
2012	12	17
2013	12	16
2014	13	16
2015	13	17
2016	14	16
2017	14	16
2018	11	14
2019	15	17
2020	14	16
2021	14	17
2022	12	16
2023	13	16
2024	13	16
2025	14	17
2026	11	14
2027	13	16
2028	13	17
2029	13	16
2030	14	17
2031	13	17
2032	9	13
2033	13	16
2034	14	17
2035	12	16
2036	12	15
2037	13	17
2038	13	16
2039	15	17
2040	12	15
2041	13	17
2042	14	16
2043	9	14
2044	16	17
2045	14	16
2046	13	16
2047	9	13
2048	14	16
2049	12	16
2050	13	16
2051	15	17
2052	15	17
2053	15	16
2054	11	13
2055	10	12
2056	15	17
2057	9	14
2058	11	16
2059	11	16
2060	13	16
2061	16	17
2062	13	16
2063	12	16
2064	13	16
2065	12	15
2066	14	17
2067	12	16
2068	13	18
2069	15	17
2070	10	14
2071	15	18
2072	12	16
2073	13	16
2074	11	14
2075	12	15
2076	15	17
2077	14	17
2078	12	17
2079	14	17
2080	12	17
2081	12	16
2082	14	17
2083	13	16
2084	14	17
2085	15	17
2086	14	17
2087	14	16
2088	13	17
2089	14	17
2090	13	15
2091	13	16
2092	15	17
2093	15	17
2094	15	17
2095	13	17
2096	15	17
2097	13	15
2098	13	16
2099	13	17
2100	14	17
2101	8	12
2102	15	17
2103	10	14
2104	11	15
2105	15	17
2106	13	17
2107	14	17
2108	14	17
2109	11	16
2110	15	17
2111	14	17
2112	15	17
2113	9	12
2114	13	17
2115	8	12
2116	12	15
2117	11	14
2118	12	16
2119	13	15
2120	9	13
2121	11	14
2122	12	16
2123	13	17
2124	13	16
2125	13	16
2126	17	18
2127	11	15
2128	13	16
2129	13	16
2130	14	17
2131	14	17
2132	13	15
2133	14	17
2134	13	16
2135	13	15
2136	14	17
2137	14	16
2138	14	17
2139	11	15
2140	14	16
2141	14	16
2142	14	17
2143	13	17
2144	12	15
2145	13	16
2146	13	16
2147	13	17
2148	11	16
2149	13	16
2150	10	15
2151	9	15
2152	15	17
2153	12	14
2154	16	18
2155	15	17
2156	14	17
2157	14	16
2158	13	16
2159	13	15
2160	15	17
2161	14	16
2162	15	17
2163	14	17
2164	14	17
2165	15	17
2166	16	18
2167	11	16
2168	13	17
2169	13	16
2170	11	16
2171	14	16
2172	9	12
2173	11	16
2174	13	16
2175	17	18
2176	12	17
2177	12	15
2178	16	17
2179	13	16
2180	13	16
2181	11	16
2182	15	17
2183	13	15
2184	12	14
2185	15	16
2186	10	13
2187	13	17
2188	10	13
2189	15	17
2190	14	17
2191	14	17
2192	13	16
2193	15	17
2194	14	17
2195	10	13
2196	12	14
2197	14	17
2198	13	17
2199	13	15
2200	15	17
2201	13	16
2202	13	15
2203	13	15
2204	14	16
2205	13	16
2206	14	16
2207	14	16
2208	14	17
2209	14	16
2210	10	12
2211	14	17
2212	14	17
2213	13	16
2214	14	17
2215	15	18
2216	14	17
2217	14	16
2218	14	17
2219	15	17
2220	14	17
2221	14	16
2222	8	12
2223	13	16
2224	14	17
2225	17	18
2226	14	17
2227	13	16
2228	9	13
2229	11	14
2230	17	18
2231	13	16
2232	15	17
2233	17	18
2234	11	14
2235	14	17
2236	15	17
2237	12	15
2238	11	14
2239	17	18
2240	15	16
2241	17	18
2242	13	15
2243	15	17
2244	13	17
2245	14	17
2246	14	17
2247	15	18
2248	12	15
2249	16	17
2250	13	17
2251	15	17
2252	6	10
2253	15	16
2254	15	17
2255	13	17
2256	16	18
2257	14	17
2258	12	15
2259	15	17
2260	13	16
2261	13	17
2262	10	16
2263	13	17
2264	15	17
2265	15	17
2266	14	17
2267	10	15
2268	12	17
2269	13	16
2270	12	17
2271	13	17
2272	17	18
2273	13	17
2274	10	14
2275	7	12
2276	12	16
2277	12	17
2278	9	15
2279	12	16
2280	14	17
2281	12	17
2282	14	16
2283	14	16
2284	13	17
2285	12	16
2286	14	17
2287	15	17
2288	13	17
2289	13	17
2290	14	17
2291	10	14
2292	15	17
2293	13	17
2294	13	17
2295	13	16
2296	14	17
2297	12	16
2298	17	18
2299	15	16
2300	15	18
2301	13	16
2302	9	13
2303	14	17
2304	14	17
2305	13	16
2306	13	17
2307	14	16
2308	12	17
2309	13	17
2310	11	14
2311	13	17
2312	14	17
2313	13	17
2314	16	18
2315	12	15
2316	11	14
2317	10	14
2318	11	15
2319	12	16
2320	12	17
2321	13	16
2322	15	17
2323	14	17
2324	16	17
2325	14	17
2326	14	16
2327	15	17
2328	14	16
2329	14	17
2330	14	17
2331	14	17
2332	15	17
2333	13	16
2334	14	17
2335	14	16
2336	13	16
2337	14	17
2338	12	16
2339	13	17
2340	12	16
2341	14	17
2342	13	16
2343	14	17
2344	13	16
2345	14	17
2346	17	18
2347	14	17
2348	15	17
2349	13	17
2350	13	16
2351	14	16
2352	15	17
2353	9	13
2354	11	15
2355	13	17
2356	13	16
2357	12	16
2358	12	16
2359	14	17
2360	17	18
2361	11	16
2362	12	17
2363	15	17
2364	15	17
2365	16	17
2366	15	16
2367	14	16
2368	11	16
2369	14	16
2370	13	17
2371	11	15
2372	12	16
2373	13	16
2374	14	17
2375	13	17
2376	15	17
2377	15	17
2378	14	17
2379	14	17
2380	11	14
2381	14	16
2382	12	15
2383	13	17
2384	13	17
2385	8	12
2386	14	16
2387	12	17
2388	12	17
2389	13	17
2390	14	17
2391	14	16
2392	14	17
2393	13	16
2394	14	17
2395	14	17
2396	14	15
2397	13	17
2398	14	17
2399	13	15
2400	13	17
2401	13	16
2402	12	17
2403	13	17
2404	10	14
2405	10	17
2406	8	11
2407	13	16
2408	10	15
2410	10	15
2411	10	13
2412	14	17
2413	14	17
2414	12	16
2415	13	17
2416	12	17
2417	13	16
2418	14	17
2419	12	15
2420	13	15
2421	10	14
2422	11	16
2423	12	15
2424	14	18
2425	12	15
2426	13	16
2427	12	16
2428	13	17
2429	12	16
2430	14	16
2431	12	17
2432	12	16
2433	12	15
2434	12	17
2435	13	17
2436	9	13
2437	12	16
2438	12	17
2439	12	16
2440	13	16
2441	13	16
2442	13	17
2443	14	16
2444	13	16
2445	15	16
2446	14	17
2447	13	15
2448	14	16
2449	13	15
2450	9	12
2451	13	17
2452	13	17
2453	10	15
2454	10	14
2455	12	16
2456	13	16
2457	8	13
2458	14	17
2459	12	17
2460	13	17
2461	10	15
2462	12	17
2463	12	17
2464	11	16
2465	12	17
2466	13	17
2467	12	16
2468	13	15
2469	17	18
2470	9	14
2471	14	16
2472	14	16
2473	14	17
2474	13	16
2475	13	16
2476	13	17
2477	14	16
2478	16	17
2479	14	16
2480	15	16
2481	13	16
2482	13	17
2483	14	17
2484	13	16
2485	13	16
2486	11	14
2487	13	16
2488	14	17
2489	13	17
2490	14	17
2491	14	16
2492	14	17
2493	14	17
2494	15	17
2495	14	16
2496	15	17
2497	13	16
2498	8	13
2499	15	17
2500	14	15
2501	14	16
2502	13	15
2503	14	16
2504	13	16
2505	13	16
2506	10	14
2507	13	17
2508	13	16
2509	11	16
2510	13	17
2511	15	17
2512	8	12
2513	10	15
2514	10	13
2515	13	16
2516	14	16
2517	14	16
2518	12	15
2519	13	16
2520	14	17
2521	15	17
2522	14	16
2523	13	16
2524	14	17
2525	12	15
2526	15	17
2527	13	17
2528	15	17
2529	15	16
2530	14	16
2531	12	16
2532	10	14
2533	12	15
2534	13	17
2535	14	16
2536	14	17
2537	11	15
2538	15	17
2539	11	15
2540	9	13
2541	14	17
2542	13	17
2543	14	16
2544	12	16
2545	13	16
2546	14	17
2547	13	16
2548	14	16
2549	10	14
2550	12	16
2551	13	16
2552	12	15
2553	12	15
2554	10	13
2555	12	17
2556	12	16
2557	14	16
2558	10	13
2559	11	13
2560	12	17
2561	10	14
2562	15	17
2563	10	15
2564	14	16
2565	14	17
2566	12	15
2567	15	16
2568	11	12
2569	12	16
2570	13	17
2571	11	16
2572	14	17
2573	13	16
2574	14	17
2575	13	16
2576	13	16
2577	12	15
2578	13	16
2579	12	15
2580	14	16
2581	11	15
2582	15	17
2583	11	15
2584	16	17
2585	11	14
2586	14	16
2587	14	17
2588	13	16
2589	13	16
2590	14	17
2591	11	13
2592	14	17
2593	14	17
2594	9	11
2595	15	18
2596	15	17
2597	11	13
2598	14	17
2599	14	17
2600	14	17
2601	13	17
2602	13	16
2603	14	16
2604	13	16
2605	14	17
2606	15	17
2607	14	17
2608	14	18
2609	12	15
2610	14	17
2611	14	17
2612	14	16
2613	12	15
2614	14	16
2615	17	18
2616	14	16
2617	14	16
2618	14	16
2619	13	16
2620	14	17
2621	13	15
2622	14	16
2623	13	15
2624	11	12
2625	8	12
2626	9	14
2627	12	16
2628	9	14
2629	12	15
2630	10	15
2631	11	15
2632	16	18
2633	14	17
2634	14	17
2635	14	17
2636	10	13
2637	16	17
2638	15	17
2639	14	16
2640	9	14
2641	10	14
2642	11	13
2643	16	17
2644	15	17
2645	15	17
2646	11	14
2647	17	18
2648	17	18
2649	8	11
2650	10	14
2651	12	15
2652	13	17
2653	11	14
2654	10	14
2655	11	14
2656	12	14
2657	12	15
2658	9	12
2659	13	16
2660	13	16
2661	13	16
2662	9	14
2663	17	18
2664	10	14
2665	15	17
2666	16	18
2667	14	17
2668	10	15
2669	9	13
2670	10	14
2671	11	17
2672	11	17
2673	14	17
2674	9	15
2675	11	14
2676	11	15
2677	11	14
2678	14	17
2679	10	13
2680	9	12
2681	16	17
2682	12	16
2683	14	17
2684	17	18
2685	13	16
2686	16	17
2687	13	16
2688	10	13
2689	10	14
2690	8	12
2691	12	14
2692	12	14
2693	12	16
2694	13	17
2695	14	18
2696	10	14
2697	15	17
2698	11	15
2699	15	16
2700	11	15
2701	15	17
2702	11	14
2703	13	15
2704	15	17
2705	13	16
2706	9	13
2707	12	15
2708	11	14
2709	11	14
2710	13	15
2711	12	14
2712	12	15
2713	14	16
2714	10	14
2715	12	16
2716	12	14
2717	12	15
2718	12	16
2719	14	17
2720	14	17
2721	13	17
2722	12	14
2723	16	18
2724	11	16
2725	9	12
2726	14	17
2727	16	17
2728	12	15
2729	11	14
2730	16	17
2731	15	17
2732	13	15
2733	11	13
2734	12	15
2735	12	14
2736	11	14
2737	14	17
2738	13	15
2739	11	14
2740	14	16
2741	12	15
2742	12	15
2743	12	17
2744	13	18
2745	15	17
2746	11	14
2747	13	15
2748	14	17
2749	11	14
2750	12	15
2751	11	14
2752	12	14
2753	11	14
2754	15	16
2755	13	16
2756	17	18
2757	11	14
2758	12	15
2759	14	17
2760	14	18
2761	12	14
2762	15	17
2763	13	14
2764	12	15
2765	14	17
2766	12	14
2767	12	16
2768	13	18
2769	12	16
2770	14	17
2771	14	16
2772	13	15
2773	13	16
2774	12	15
2775	16	17
2776	15	17
2777	15	16
2778	11	13
2779	11	15
2780	15	17
2781	11	15
2782	13	16
2783	12	14
2784	17	18
2785	14	16
2786	12	15
2787	14	17
2788	13	16
2789	13	17
2790	14	16
2791	13	15
2792	14	16
2793	9	13
2794	10	14
2795	11	15
2796	14	17
2797	12	15
2798	15	17
2799	16	17
2800	11	14
2801	13	16
2802	16	17
2803	14	17
2804	15	17
2805	13	15
2806	15	17
2807	14	16
2808	15	17
2809	13	15
2810	10	14
2811	13	16
2812	15	17
2813	14	18
2814	14	18
2815	13	16
2816	13	16
2817	14	17
2818	14	17
2819	15	17
2820	14	17
2821	12	15
2822	14	16
2823	12	14
2824	14	17
2825	11	12
2826	15	17
2827	13	16
2828	10	15
2829	13	16
2830	11	15
2831	12	16
2832	11	15
2833	11	15
2834	13	15
2835	10	14
2836	10	15
2837	16	17
2838	11	14
2839	14	16
2840	11	14
2841	15	17
2842	13	16
2843	14	17
2844	15	17
2845	12	14
2846	14	17
2847	14	17
2848	15	17
2849	15	17
2850	12	15
2851	17	18
2852	8	12
2853	10	12
2854	13	16
2855	14	17
2856	17	18
2857	13	17
2858	9	14
2859	14	17
2860	12	16
2861	11	15
2862	11	15
2863	13	17
2864	13	17
2865	15	16
2866	17	18
2867	14	16
2868	10	14
2869	14	17
2870	11	15
2871	10	13
2872	15	17
2873	14	16
2874	15	17
2875	14	17
2876	14	17
2877	14	17
2878	11	15
2879	12	14
2880	14	17
2881	14	17
2882	13	15
2883	11	13
2884	11	14
2885	9	13
2886	9	13
2887	12	16
2888	10	14
2889	14	17
2890	14	17
2891	12	14
2892	11	16
2893	14	18
2894	15	18
2895	15	17
2896	14	17
2897	15	17
2898	9	12
2899	15	17
2900	13	17
2901	9	13
2902	15	17
2903	15	17
2904	10	13
2905	12	14
2906	12	15
2907	13	17
2908	12	17
2909	12	16
2910	11	15
2911	11	14
2912	12	14
2913	15	17
2914	13	17
2915	14	16
2916	10	14
2917	13	17
2918	11	14
2919	16	17
2920	16	17
2921	10	13
2922	13	16
2923	11	13
2924	17	18
2925	12	16
2926	12	15
2927	11	14
2928	14	17
2929	16	17
2930	14	15
2931	10	13
2932	10	13
2933	12	14
2934	14	17
2935	12	14
2936	14	17
2937	14	17
2938	11	13
2939	10	12
2940	14	16
2941	13	17
2942	15	17
2943	15	17
2944	11	15
2945	14	17
2946	11	14
2947	15	17
2948	16	17
2949	15	16
2950	15	17
2951	15	17
2952	15	17
2953	16	17
2954	15	17
2955	15	17
2956	14	16
2957	15	17
2958	12	14
2959	15	17
2960	12	16
2961	15	17
2962	13	17
2963	10	14
2964	11	13
2965	11	15
2966	13	15
2967	13	17
2968	14	17
2969	15	17
2970	14	16
2971	9	11
2972	16	17
2973	11	15
2974	17	18
2975	12	15
2976	16	17
2977	16	17
2978	10	13
2979	15	17
2980	11	15
2981	14	16
2982	12	16
2983	16	17
2984	15	17
2985	12	14
2986	14	17
2987	13	14
2988	10	13
2989	17	18
2990	12	14
2991	12	15
2992	11	15
2993	11	13
2994	15	17
2995	17	18
2996	16	17
2997	17	18
2998	16	17
2999	16	17
3000	12	15
3001	12	16
3002	14	17
3003	12	15
3004	13	15
3005	11	13
3006	10	13
3007	16	17
3008	15	17
3009	15	17
3010	10	12
3011	12	14
3012	16	17
3013	15	17
3014	15	17
3015	14	17
3016	15	17
3017	14	17
3018	13	15
3019	16	17
3020	16	17
3021	13	17
3022	10	14
3023	12	15
3024	11	15
3025	11	14
3026	10	13
3027	15	17
3028	14	17
3029	15	17
3030	12	15
3031	11	15
3032	14	15
3033	13	16
3034	17	18
3035	11	14
3036	15	17
3037	17	18
3038	16	17
3039	10	13
3040	15	17
3041	15	17
3042	14	17
3043	16	17
3044	13	16
3045	15	17
3046	11	14
3047	15	17
3048	10	14
3049	13	16
3050	16	17
3051	10	14
3052	11	14
3053	12	14
3054	15	17
3055	11	15
3056	15	16
3057	11	13
3058	10	15
3059	11	13
3060	16	17
3061	13	15
3062	16	17
3063	15	16
3064	15	17
3065	11	13
3066	10	14
3067	14	17
3068	17	18
3069	11	16
3070	15	17
3071	16	18
3072	16	17
3073	11	13
3074	10	14
3075	11	14
3076	14	16
3077	12	15
3078	16	17
3079	10	12
3080	13	16
3081	17	18
3082	13	16
3083	15	17
3084	17	18
3085	10	14
3086	15	17
3087	11	15
3088	15	16
3089	13	17
3090	10	12
3091	11	14
3092	17	18
3093	9	13
3094	16	17
3095	14	17
3096	14	16
3097	13	15
3098	14	16
3099	12	15
3100	15	17
3101	11	15
3102	10	12
3103	10	14
3104	15	17
3105	9	12
3106	11	14
3107	15	17
3108	15	17
3109	9	14
3110	16	17
3111	10	13
3112	15	17
3113	12	14
3114	10	14
3115	13	16
3116	11	15
3117	14	17
3118	14	16
3119	12	14
3120	17	18
3121	15	17
3122	15	17
3123	15	17
3124	15	17
3125	11	13
3126	14	17
3127	11	13
3128	14	16
3129	16	17
3130	12	15
3131	15	17
3132	14	17
3133	12	15
3134	14	17
3135	14	17
3136	11	13
3137	17	18
3138	17	18
3139	15	17
3140	15	17
3141	11	15
3142	16	17
3143	12	15
3144	10	14
3145	13	15
3146	15	17
3147	15	17
3148	14	16
3149	12	15
3150	14	17
3151	15	17
3152	11	15
3153	16	17
3154	11	16
3155	17	18
3156	15	17
3157	12	15
3158	11	14
3159	11	14
3160	11	14
3161	15	17
3162	15	17
3163	16	17
3164	13	16
3165	13	16
3166	10	13
3167	13	14
3168	10	13
3169	12	15
3170	11	14
3171	16	17
3172	13	16
3173	11	14
3174	16	17
3175	11	14
3176	15	17
3177	15	17
3178	13	15
3179	15	17
3180	10	13
3181	15	17
3182	15	17
3183	11	14
3184	15	17
3185	15	17
3186	13	15
3187	12	14
3188	10	13
3189	14	16
3190	15	17
3191	14	16
3192	11	14
3193	17	18
3194	16	17
3195	15	17
3196	15	17
3197	13	16
3198	12	15
3199	11	14
3200	15	17
3201	10	13
3202	15	17
3203	12	14
3204	12	14
3205	11	14
3206	16	17
3207	11	14
3208	14	16
3209	16	17
3210	11	14
3211	14	16
3212	15	17
3213	11	15
3214	15	17
3215	16	17
3216	15	17
3217	15	17
3218	15	17
3219	11	14
3220	15	17
3221	12	14
3222	15	17
3223	13	15
3224	12	15
3225	15	17
3226	15	17
3227	12	14
3228	14	17
3229	15	17
3230	10	12
3231	10	12
3232	10	12
3233	11	15
3234	17	18
3235	12	14
3236	11	14
3237	17	18
3238	14	16
3239	10	13
3240	12	14
3241	13	15
3242	13	15
3243	11	14
3244	9	12
3245	15	17
3246	15	17
3247	15	17
3248	12	15
3249	12	15
3250	10	13
3251	15	16
3252	15	17
3253	15	17
3254	17	18
3255	16	17
3256	14	16
3257	15	17
3258	14	16
3259	15	17
3260	14	16
3261	13	16
3262	15	17
3263	16	17
3264	13	16
3265	14	17
3266	12	15
3267	12	16
3268	13	16
3269	11	14
3270	11	14
3271	11	14
3272	9	14
3273	16	17
3274	14	16
3275	15	16
3276	10	13
3277	11	14
3278	15	17
3279	12	15
3280	17	18
3281	16	17
3282	12	14
3283	7	10
3284	12	15
3285	12	14
3286	16	17
3287	11	14
3288	15	17
3289	14	17
3290	12	14
3291	16	18
3292	16	17
3293	17	18
3294	14	16
3295	10	13
3296	15	17
3297	14	16
3298	11	14
3299	16	17
3300	13	16
3301	16	17
3302	13	15
3303	11	14
3304	13	16
3305	15	17
3306	14	16
3307	10	13
3308	13	17
3309	11	14
3310	13	16
3311	12	15
3312	14	17
3313	10	13
3314	9	12
3315	12	15
3316	15	17
3317	15	17
3318	16	17
3319	12	15
3320	15	17
3321	15	17
3322	9	12
3323	10	13
3324	16	17
3325	16	17
3326	11	14
3327	11	14
3328	15	17
3329	14	17
3330	10	13
3331	15	17
3332	17	18
3333	14	16
3334	10	13
3335	15	17
3336	11	14
3337	16	17
3338	15	17
3339	15	17
3340	15	17
3341	13	15
3342	16	18
3343	12	15
3344	15	17
3345	17	18
3346	12	14
3347	15	17
3348	10	16
3349	11	14
3350	11	14
3351	15	17
3352	11	14
3353	17	18
3354	11	13
3355	17	18
3356	12	14
3357	11	14
3358	11	14
3359	13	16
3360	13	15
3361	15	17
3362	11	13
3363	11	14
3364	16	17
3365	11	14
3366	12	15
3367	13	16
3368	15	17
3369	12	15
3370	14	16
3371	15	17
3372	11	15
3373	12	15
3374	11	14
3375	12	15
3376	12	14
3377	13	16
3378	14	17
3379	13	16
3380	11	13
3381	11	15
3382	13	15
3383	11	15
3384	11	15
3385	14	17
3386	13	16
3387	14	17
3388	10	13
3389	11	14
3390	14	16
3391	13	16
3392	17	18
3393	15	17
3394	11	14
3395	14	17
3396	10	12
3397	11	14
3398	13	16
3399	14	16
3400	14	17
3401	13	15
3402	17	18
3403	10	14
3404	13	17
3405	14	16
3406	14	15
3407	13	15
3408	15	17
3409	10	12
3410	14	17
3411	14	17
3412	12	14
3413	15	17
3414	9	12
3415	13	16
3416	10	13
3417	11	14
3418	14	17
3419	10	12
3420	15	17
3421	11	13
3422	13	15
3423	10	12
3424	11	14
3425	17	18
3426	11	13
3427	13	17
3428	14	16
3429	14	17
3430	13	17
3431	11	13
3432	12	15
3433	15	17
3434	11	15
3435	15	17
3436	14	17
3437	11	15
3438	11	14
3439	10	14
3440	11	14
3441	17	18
3442	11	14
3443	14	17
3444	12	14
3445	11	13
3446	13	15
3447	12	15
3448	13	16
3449	16	17
3450	13	15
3451	14	17
3452	15	17
3453	14	17
3454	12	14
3455	12	14
3456	17	18
3457	14	16
3458	12	15
3459	15	17
3460	12	14
3461	14	17
3462	12	15
3463	12	15
3464	13	15
3465	11	14
3466	14	17
3467	12	15
3468	15	17
3469	14	16
3470	17	18
3471	11	14
3472	10	14
3473	15	17
3474	14	16
3475	16	17
3476	15	17
3477	14	16
3478	13	16
3479	14	16
3480	10	13
3481	14	17
3482	12	15
3483	15	17
3484	13	16
3485	10	13
3486	9	12
3487	12	14
3488	14	16
3489	14	17
3490	11	14
3491	12	14
3492	15	17
3493	12	15
3494	14	17
3495	17	18
3496	15	17
3497	15	17
3498	10	12
3499	14	16
3500	11	13
3501	15	17
3502	17	18
3503	16	17
3504	10	13
3505	16	17
3506	12	14
3507	15	17
3508	14	17
3509	8	12
3510	15	17
3511	14	17
3512	14	17
3513	11	15
3514	14	17
3515	15	17
3516	9	12
3517	13	16
3518	14	17
3519	13	16
3520	15	17
3521	10	14
3522	10	14
3523	11	14
3524	11	14
3525	10	13
3526	13	16
3527	11	14
3528	14	17
3529	12	15
3530	12	15
3531	13	17
3532	14	17
3533	14	17
3534	16	17
3535	10	13
3536	12	15
3537	15	17
3538	10	12
3539	14	17
3540	17	18
3541	12	17
3542	10	12
3543	10	12
3544	15	17
3545	15	17
3546	13	15
3547	8	12
3548	12	15
3549	10	13
3550	10	13
3551	14	17
3552	13	16
3553	11	13
3554	17	18
3555	13	16
3556	12	14
3557	11	14
3558	9	13
3559	12	15
3560	13	16
3561	13	17
3562	15	17
3563	10	13
3564	16	17
3565	9	12
3566	11	15
3567	17	18
3568	14	17
3569	11	14
3570	9	13
3571	11	14
3572	14	17
3573	11	14
3574	13	16
3575	11	14
3576	13	17
3577	17	18
3578	15	17
3579	15	17
3580	11	14
3581	9	12
3582	14	16
3583	11	14
3584	17	18
3585	11	14
3586	11	15
3587	12	15
3588	17	18
3589	17	18
3590	15	17
3591	11	13
3592	15	17
3593	14	17
3594	14	17
3595	15	18
3596	10	13
3597	14	17
3598	10	14
3599	11	16
3600	10	14
3601	10	14
3602	12	16
3603	13	17
3604	11	14
3605	14	17
3606	13	16
3607	12	15
3608	12	15
3609	17	18
3610	13	16
3611	13	15
3612	14	17
3613	12	15
3614	14	17
3615	13	17
3616	14	16
3617	11	14
3618	15	17
3619	14	17
3620	13	17
3621	12	15
3622	13	16
3623	17	18
3624	14	17
3625	14	17
3626	13	17
3627	15	17
3628	11	14
3629	11	14
3630	12	15
3631	10	13
3632	16	18
3633	15	17
3634	12	14
3635	15	17
3636	15	17
3637	13	16
3638	15	17
3639	15	17
3640	10	17
3641	14	17
3642	13	16
3643	15	17
3644	12	15
3645	11	13
3646	14	17
3647	11	15
3648	12	15
3649	17	18
3650	15	17
3651	13	15
3652	11	14
3653	15	17
3654	12	15
3655	15	17
3656	15	17
3657	15	18
3658	13	15
3659	12	14
3660	17	18
3661	14	16
3662	13	16
3663	17	18
3664	15	17
3665	11	14
3666	17	18
3667	9	11
3668	14	17
3669	15	17
3670	14	17
3671	11	15
3672	17	18
3673	15	17
3674	10	14
3675	13	17
3676	11	14
3677	10	13
3678	10	15
3679	15	17
3680	11	14
3681	12	13
3682	10	14
3683	13	16
3684	12	15
3685	14	17
3686	13	17
3687	17	18
3688	9	12
3689	14	17
3690	12	15
3691	17	18
3692	10	12
3693	14	17
3694	15	17
3695	13	17
3696	11	15
3697	17	18
3698	17	18
3699	12	15
3700	15	17
3701	12	15
3702	15	17
3703	9	12
3704	11	15
3705	11	15
3706	10	15
3707	15	17
3708	12	16
3709	14	17
3710	16	18
3711	13	16
3712	15	17
3713	14	16
3714	14	17
3715	10	13
3716	10	12
3717	15	17
3718	14	17
3719	14	16
3720	14	17
3721	17	18
3722	12	15
3723	16	17
3724	14	17
3725	12	16
3726	14	17
3727	11	15
3728	13	16
3729	9	12
3730	15	17
3731	11	14
3732	15	17
3733	14	16
3734	11	14
3735	12	14
3736	14	17
3737	14	17
3738	13	15
3739	12	16
3740	13	17
3741	14	17
3742	11	14
3743	14	17
3744	10	13
3745	12	14
3746	10	12
3747	15	17
3748	14	17
3749	14	16
3750	14	17
3751	10	13
3752	13	17
3753	14	17
3754	11	16
3755	14	17
3756	11	15
3757	12	15
3758	11	14
3759	10	14
3760	11	14
3761	9	13
3762	12	14
3763	17	18
3764	15	17
3765	14	16
3766	17	18
3767	9	12
3768	8	11
3769	15	17
3770	15	17
3771	14	17
3772	15	17
3773	9	12
3774	14	16
3775	10	13
3776	14	16
3777	9	13
3778	16	17
3779	10	13
3780	9	12
3781	14	17
3782	9	12
3783	14	16
3784	14	17
3785	9	13
3786	17	18
