0 - 7048: 
0	5	0x00941A88: 4 5 
0	17	0x00943DE8: 16 17 
0	16	0x00943DE8: 16 17 
0	4	0x00941A88: 4 5 
0	17	0x00943DE8: 16 17 
0	10	0x00941BC0: 10 11 
0	12	0x009438A0: 12 13 
0	0	0x0093F1A8: 0 1 
0	16	0x00943DE8: 16 17 

1 - 9880: 
0	2	0x00941A20: 2 3 
0	17	0x00943DE8: 16 17 
0	11	0x00941BC0: 10 11 
0	7	0x00941AF0: 6 7 
0	15	0x00943A40: 14 15 
0	7	0x00941AF0: 6 7 
0	5	0x00941A88: 4 5 
0	7	0x00941AF0: 6 7 
0	8	0x00941B58: 8 9 

2 - 10804: 
0	3	0x00941A20: 2 3 
0	0	0x0093F1A8: 0 1 
0	9	0x00941B58: 8 9 
0	6	0x00941AF0: 6 7 
0	14	0x00943A40: 14 15 
0	9	0x00941B58: 8 9 
0	4	0x00941A88: 4 5 
0	16	0x00943DE8: 16 17 
0	15	0x00943A40: 14 15 

3 - 11408: 
0	14	0x00943A40: 14 15 
0	8	0x00941B58: 8 9 
0	5	0x00941A88: 4 5 
0	11	0x00941BC0: 10 11 
0	0	0x0093F1A8: 0 1 
0	11	0x00941BC0: 10 11 
0	0	0x0093F1A8: 0 1 
0	15	0x00943A40: 14 15 
0	4	0x00941A88: 4 5 

