0x000E3728 16 17 : 
	2 16

0x000E3790 22 23 24 25 26 : 
	2 48
	2 28
	2 27
	2 53
	1 81
	1 68
	2 48
	2 96
	1 74
	1 91
	2 95
	2 48
	2 24
	2 62
	1 22
	2 45
	2 53
	2 57
	1 66
	1 41
	1 50
	1 31
	1 55
	2 55
	1 61
	1 86
	1 97
	2 77
	2 70
	1 24
	1 73
	1 77
	1 39
	2 33
	2 29
	1 37
	2 26
	2 44
	1 31
	1 66
	1 56
	1 84
	2 29
	1 93
	1 70
	2 90
	2 46
	1 64
	1 40
	1 88
	1 90
	1 29
	2 23
	2 37
	2 62
	1 47
	1 53
	2 41
	1 73
	2 22
	1 35
	2 67

0x000E3520 18 19 : 
	1 18
	1 18

0x000E2DA8 2 3 : 
	1 2
	2 3

0x000E3658 20 21 : 
	1 21
	2 21

0x000E2EE0 8 9 : 
	1 9

0x000E2E10 4 5 : 
	1 4

0x000E2E78 6 7 : 
	2 7
	1 6
	2 7
	2 7
	2 6

0x000E3040 12 13 : 
	1 13

0x000DF870 0 1 : 
	1 0
	2 0

0x000E2F48 10 11 : 
	2 10
	2 10

