0 - 14036: 
0	5	0x000E2E10 4 5 
0	17	0x000E3728 16 17 
0	16	0x000E3728 16 17 
0	4	0x000E2E10 4 5 
0	17	0x000E3728 16 17 
0	10	0x000E2F48 10 11 
0	12	0x000E3040 12 13 
0	0	0x000DF870 0 1 
0	16	0x000E3728 16 17 

1 - 3964: 
0	2	0x000E2DA8 2 3 
0	17	0x000E3728 16 17 
0	11	0x000E2F48 10 11 
0	7	0x000E2E78 6 7 
0	15	0x000E31E0 14 15 
0	7	0x000E2E78 6 7 
0	5	0x000E2E10 4 5 
0	7	0x000E2E78 6 7 
0	8	0x000E2EE0 8 9 

2 - 16312: 
0	3	0x000E2DA8 2 3 
0	0	0x000DF870 0 1 
0	9	0x000E2EE0 8 9 
0	6	0x000E2E78 6 7 
0	14	0x000E31E0 14 15 
0	9	0x000E2EE0 8 9 
0	4	0x000E2E10 4 5 
0	16	0x000E3728 16 17 
0	15	0x000E31E0 14 15 

3 - 11636: 
0	14	0x000E31E0 14 15 
0	8	0x000E2EE0 8 9 
0	5	0x000E2E10 4 5 
0	11	0x000E2F48 10 11 
0	0	0x000DF870 0 1 
0	11	0x000E2F48 10 11 
0	0	0x000DF870 0 1 
0	15	0x000E31E0 14 15 
0	4	0x000E2E10 4 5 

